1
69 9 151 224
